height <-
c(168, 165, 162, 170, 178, 169)
